1
4
15
20
25
31
32
42
44
45
58
61
75
79
81
91
96
110
112
132
134
138
141
144
152
178
191
192
193
197
210
215
220
226
231
233
234
236
237
239
241
244
251
255
262
271
278
296
298
299
306
321
325
330
335
358
367
368
370
397
405
414
427
436
439
443
452
453
463
467
494
496
498
503
504
522
538
555
571
582
599
608
609
611
621
628
630
631
636
637
643
644
647
651
652
667
702
707
713
716
719
732
738
743
754
761
764
768
775
776
777
780
791
796
799
801
806
815
816
821
823
830
833
838
839
849
859
866
877
880
883
891
894
922
924
927
934
942
952
954
963
965
972
977
978
981
985
986
