118.586347779096 138.059301715579
116.892678703197 136.354344261467
115.954727425676 135.412372939572
113.376859907721 132.83162036813
111.615140409293 131.074784296516
108.966997850411 128.44437772597
107.167820716186 126.664318995774
118.915577317993 138.382506489926
117.133899411521 136.584948531976
116.287007659638 135.732527018853
114.501093809405 133.939205004665
113.652188721417 133.088796827647
112.802634988228 132.23903729583
111.92206095933 131.359617765342
110.159543750212 129.603579404419
108.363780701757 127.820106588452
107.510201802557 126.974372222646
106.655977009622 126.129283750575
120.836052448108 140.348810520524
119.118644041812 138.606912102429
118.214392310112 137.691921529093
116.492908509716 135.954098505097
115.586508851202 135.041255858575
110.372055602677 129.818539888276
109.460651750092 128.910701435825
105.958003265895 125.435487525588
119.170473762253 138.679173408192
118.296125426214 137.793528184845
116.546067999262 136.025030041755
115.669644921935 135.141459559696
113.067227554441 132.526008092143
111.278549060004 130.735450722158
110.428332048716 129.88635446844
108.63541468152 128.100035971214
107.783186148097 127.252951239632
105.986036258915 125.470865264392
105.131801147804 124.625787110497
115.100919325254 134.560292230862
112.522416025603 131.980175441116
110.76026347381 130.223772422867
117.361106877154 136.839311462655
114.732572550694 134.189296659687
113.885045199814 133.337510745562
113.036870048821 132.486372631549
111.248252185825 130.695754630123
108.605204664487 128.060253022034
105.101701025529 124.585894266559
104.246847504179 123.741434522903
117.783930347029 137.269165254671
116.877944186007 136.355909110658
116.031013793408 135.503526238251
115.18343652579 134.651790240863
114.245021440501 133.710282726737
111.665882461955 131.130801615885
109.903297706039 129.374830801759
109.020605833777 128.497529114635
118.052347159485 137.533248182279
117.20704385823 136.679238218527
115.424481714388 134.882564497947
113.729210766617 133.179208915706
109.298670631959 128.751964056515
107.563593703695 127.027734160388
106.650044861109 126.122040697938
117.410439972287 136.90331811518
115.660010591654 135.135191925772
114.783401020971 134.251807937069
113.876551943866 133.339414709138
113.028814543623 132.487838844375
111.241120045299 130.696297478278
110.391370169553 129.846734089017
106.895264634773 126.364977229364
105.097734379942 124.583271619773
116.587973937381 136.089873466427
115.683016608982 135.175588489789
114.837048452981 134.322243380785
113.960190961238 133.439107313142
113.053085855046 132.526970114298
112.205109573955 131.675633130383
111.3564859478 130.824943491532
110.416912997005 129.884593842911
108.716290160568 128.186590149337
106.922493713826 126.401150731658
105.186076137628 124.678261483464
120.711593157371 140.242776989268
119.837742887568 139.356633699686
118.933750509488 138.44138377273
117.212763728224 136.703063729603
114.611839436207 134.086119186571
106.680970305487 126.181340929009
105.82658001504 125.33641795445
117.71386885075 137.222610496128
116.839189317233 136.337296470259
113.30471452178 132.773979831249
112.456836952553 131.92254413547
111.608311906596 131.071755916421
110.668847836215 130.131297387387
109.818958437579 129.281873521016
107.174830630718 126.64745219845
106.322283063538 125.800686500624
116.692781961561 136.122257217907
112.256543297539 131.70071088808
111.403464296868 130.854476623745
123.083979041922 142.54693226172
122.180307088944 141.631361909663
117.859898353947 137.27459498522
116.072853651433 135.482403823313
113.432115722486 132.844592622832
112.580654718197 131.996740362116
111.698105088052 131.119296432875
121.517252488673 140.979060490034
118.891840333013 138.325923516267
115.351734111253 134.768238303564
114.502501984738 133.918157165073
113.652620495267 133.068725389538
112.771706319786 132.189646005633
111.008507291159 130.434289464218
120.68026362252 140.151477124979
119.775858672025 139.236639770438
118.930405859665 138.382779317791
118.054081368153 137.499110249918
112.813337229881 132.243436423715
111.93216902354 131.36461107067
122.514635033618 141.981593470311
121.669976637808 141.126938601115
120.794475826113 140.242445853424
118.194791057931 137.624261786558
115.558653298449 134.981850416613
114.678310244191 134.102199911486
113.767599389025 133.193668461616
111.120955613089 130.561763108124
120.202823174079 139.635000087567
116.726039004666 136.133921862546
114.088681951019 133.492729786766
113.207930898511 132.613487279888
112.296797699374 131.705378173989
120.384846940339 139.836942231481
119.480411123933 138.922135742851
118.634928797006 138.068304804771
117.758573045703 137.184666996689
116.851984917278 136.272012820078
110.724822836645 130.14276337685
109.872645038914 129.295627909576
108.989353651108 128.418925737996
119.547946668836 139.009253841619
117.797515191847 137.241129748567
116.920902884168 136.35774849686
113.378599411288 132.802260535277
111.678434367626 131.103799048927
110.796976277218 130.225263579949
108.149148286009 127.594542441731
120.534154408719 139.988220653909
119.658364926589 139.104016576653
118.752363302003 138.190775896203
117.057822687203 136.486689980991
116.119387101212 135.545202967567
115.270426210027 134.694850593746
114.420816262195 133.845147276571
113.540183589553 132.965786389828
111.777547904907 131.209866504432
109.128025329033 128.580839950879
108.273741700578 127.735810314328
119.911725459647 139.350875092361
119.066401529165 138.496885757838
115.588469027484 134.996955865085
113.800245837442 133.205943190705
112.950242351473 132.356633411669
111.157768929367 130.569870969353
117.498241125517 136.930459431214
116.621595953282 136.047111044063
114.866933647313 134.283217779991
113.079155688605 132.491759874277
111.378922824216 130.793366208654
109.585528807409 129.00752436104
108.733071914099 128.160667989344
106.935436965096 126.379067073925
119.286757113872 138.755904439252
115.784025165869 135.220093698442
114.87687288237 134.308003676906
114.02885104114 133.456712253129
113.180180420661 132.606069608603
112.240553820169 131.665773609679
110.539829606263 129.967871293572
107.893219798906 127.335931971503
107.009388016936 126.459770194087
120.50317609812 139.964928262275
119.657984896183 139.110806199207
118.781931599483 138.226865936521
117.875657040232 137.313898190736
116.180606103712 135.610322597245
115.241888114605 134.669117986936
114.392671949975 133.81902088656
113.542806780196 132.969572791333
111.750626829693 131.182516877414
110.898746514385 130.335083927717
108.248434545362 127.706846767312
118.372448178312 137.821217550177
113.98932378763 133.407237241389
113.140644434772 132.556603329242
111.350960730627 130.767051168965
108.706333515608 128.133129254557
107.853622175608 127.286527329551
106.969778903729 126.410377042044
118.432391023397 137.883919935743
117.58642202639 137.030575667743
114.105841746314 133.533293553387
113.166260063096 132.592952637188
112.316263093677 131.743636341602
109.671793771839 129.109556534013
108.819133969716 128.262903071129
107.935344419782 127.386699061678
118.744862599678 138.191583797537
116.964310222202 136.39290031059
113.484788042279 132.89456009608
110.845357982934 130.255441025998
109.994317749955 129.407167993971
109.112203625982 128.529288558558
108.199662433288 127.622587446216
107.346607223729 126.776329390769
118.021511099273 137.479660754747
114.54845427578 133.974855183807
113.670736753371 133.09257914683
112.762740084144 132.181333511021
111.913928820706 131.330831509453
110.123967358482 129.541557107256
109.273139231086 128.693071969645
108.421662113213 127.845235822513
107.539096065243 126.967808311097
104.887949372108 124.340405874805
117.184132518206 136.652458906941
116.339098070127 135.798180090015
114.557101470907 134.000940824813
113.710057877645 133.148671153069
112.83208425699 132.266651214338
106.698673161 126.143650786467
104.931672952535 124.39209542489
104.046773974872 123.517000843168
117.508241822453 136.944211465907
114.863143472914 134.310760686018
113.156773768732 132.618503860188
121.290026623462 140.7149127846
119.504780369041 138.9209231746
117.806952783585 137.220124230043
111.662541714912 131.108123774856
122.319732210529 141.767858144014
121.443858442171 140.883738352987
120.537769407877 139.970585082245
117.055494703706 136.474997391982
116.205802059761 135.625376770922
113.5622759205 132.990353780755
112.679470296082 132.113165845787
111.766215371197 131.207178465636
110.912494583325 130.361585988502
119.679298422752 139.124045052949
117.984077666751 137.420639278938
116.195965550808 135.629515530459
115.346016251732 134.780151564529
112.701696363606 132.145922323228
111.818627446077 131.268997681371
110.905101178135 130.363281644276
122.101898905438 141.536341707576
121.255352224025 140.683575123982
120.408157397603 139.831456685398
118.621602366504 138.038775852076
117.772391654336 137.188673299239
115.981588782092 135.40024030706
115.130361321565 134.552154502581
120.795726417565 140.221236091949
116.378577832765 135.7805996829
112.886471041109 132.294844080123
111.151184016575 130.570824280265
109.383421454258 128.82003127254
123.014645402236 142.462514012043
122.169635488095 141.608210661178
119.540667267326 138.95862975252
118.692997400546 138.106986354293
116.055753302641 135.465681322771
115.175040339226 134.586400726801
114.263946721333 133.678252039657
113.41224267592 132.830642820065
120.679893266096 140.093350832226
118.897101178542 138.296907055359
118.049677253238 137.445017715656
114.563100398684 133.953732175777
111.035101054874 130.443188830774
110.121413248564 129.537634332048
120.832126550277 140.263772043967
119.927283747598 139.349372541611
119.081420236001 138.495922788202
118.204668722697 137.612680742121
117.297670563962 136.700436595819
116.449791768742 135.849002126034
115.601263276737 134.998217353033
111.16772811289 130.57396752303
109.431471030595 128.850917780934
119.974970171629 139.41592722422
119.069850254432 138.501804836381
118.223728015514 137.648613810294
116.439434004939 135.853671956447
113.802755870258 133.211800961701
108.570865488862 128.006522124271
119.427964259075 138.853252981236
116.825034614596 136.238313790667
115.885736943274 135.297688862573
113.30416490008 132.72064081637
111.539912964328 130.96633718208
109.742384712188 129.184629569798
119.842214742459 139.27705038404
118.96681996802 138.392451599094
117.214659988036 136.626056009035
112.791365292638 132.191565710585
111.089513398319 130.494791074892
110.207181032577 129.617129881248
105.786535572267 125.240670642088
120.967963616234 140.446174340867
119.247600810274 138.707230322436
115.709376193257 135.14766350499
114.011168999207 133.447244169028
112.219910850682 131.659266453131
111.368468381096 130.811395657712
110.485938883044 129.933931596377
108.719516155725 128.181798753655
107.834905773689 127.306415576305
116.851185022427 136.279795937641
116.004016979783 135.427650715279
115.125913878978 134.545760256698
114.217518431819 133.634913398822
112.518501347916 131.935303952713
110.726387606912 130.148181829295
108.078181295315 127.517839011465
106.339287027412 125.797426454976
117.8790357992 137.334605367505
117.033424636639 136.480903265061
116.156935838643 135.597398503671
111.765494319333 131.191735323512
107.386418817585 126.83295487144
106.472530891928 125.927600492062
105.618219822684 125.0825982963
114.390152669555 133.839927909232
112.663431255579 132.107342498816
111.754274096382 131.197257352977
109.112139527087 128.560842792845
107.407676207294 126.866679582626
103.869518596844 123.366294504264
118.210426888502 137.719763576065
117.364642583784 136.866234615776
115.581069389745 135.070571945393
112.095675371942 131.578103568763
111.24522807067 130.72923760503
110.303638323248 129.790904753035
109.451828682649 128.943401128629
108.599372836261 128.096543710011
106.801747644824 126.314933037026
105.947288618754 125.47007879809
110.758749226043 130.233094112212
109.848774326901 129.323826706317
108.998117085824 128.475170682389
108.146812707763 127.627161795443
106.351608768953 125.843129869832
105.498296868839 124.99712850494
103.698871007249 123.217318502108
101.957027364903 121.499855320063
127.158635540616 146.651463404825
126.312588722034 145.7981969584
123.680405309574 143.151831241433
122.801384912078 142.270858079544
121.892042940375 141.360957746211
121.041976646218 140.511710775362
120.160872978328 139.632820883866
119.249377888195 138.725073668963
118.397301104842 137.87783718731
117.544577892824 137.031247134322
126.63370987364 146.106756984057
121.428979585703 140.874318053169
118.787403736317 138.237344773127
117.875540476462 137.329965727947
116.170051070504 135.636828603892
123.524550610739 142.983370733689
119.100373003868 138.549763346711
118.249607533672 137.701215551901
117.367779252973 136.823050273215
116.455534817307 135.916052403845
115.602757925875 135.069516030271
114.749334593269 134.223626097871
121.862538393546 141.326993922172
121.014248391155 140.475970659557
120.165310673557 139.625595112149
119.285375506596 138.745536719725
117.524137548402 136.988219107876
114.023112057538 133.511382204308
120.428525005027 139.867203494629
119.518555198814 138.957930995806
118.667901484425 138.109271445189
117.78618855689 137.230990813338
120.211930303528 139.639546815837
115.871479352787 135.302822107138
114.989041247291 134.425266653249
113.222799792156 132.672952538342
121.668453880373 141.102992620866
119.972982201454 139.399837769774
119.034031193892 138.45886617792
116.453413031431 135.880864250983
115.541904284981 134.973130692397
122.925653702829 142.355399011233
122.079916533649 141.501822915407
121.203296231468 140.618449658204
120.296434053997 139.706069530639
119.448682573109 138.854507746521
118.600281656731 138.003595397892
116.811183115644 136.213458074558
115.960763844183 135.364564081013
113.314978574213 132.731800221556
121.508595400572 140.93854422322
118.878265077058 138.290325417306
118.03015579156 137.439121437798
117.181397072306 136.588566892046
116.24167226791 135.648369097026
112.746667892146 132.165511078357
119.060771558817 138.488590529333
115.516155106882 134.935415546804
112.020392678564 131.453315580689
121.387189980395 140.850289042705
117.907118053893 137.352498574774
116.117804305629 135.562576458617
115.267285070023 134.713782429217
114.416117645122 133.865636589111
113.533873126435 132.987887548413
119.506438764789 138.947398267789
115.966449065038 135.389596533076
115.117245436818 134.53948689629
114.267392666514 133.690026401588
113.326458135999 132.751038332688
110.740399260679 130.178477118611
120.849379548092 140.319663935991
118.2203357231 137.670158631556
117.34236169058 136.788139104691
112.94349455699 132.389901538811
112.091774961534 131.542307869262
111.208958844579 130.665130426831
109.441964581804 128.913569119564
108.557069170954 128.038470971029
120.322919149266 139.77649222337
118.601305561628 138.038798986617
117.694836258103 137.126025985106
115.969126373848 135.392429044969
115.060500260519 134.481812853262
114.211101028924 133.631898819851
113.361052605757 132.782633978012
111.568486226518 130.99596449283
108.919614735498 128.366286854422
118.90533294245 138.360161999753
116.276140047811 135.710805764964
115.428398906065 134.859233641704
114.549702262837 133.977936725546
112.790936910412 132.21814650793
111.940531412416 131.36923874092
110.147214012153 129.583320276761
109.294794200907 128.736426823002
106.642810001709 126.109861892772
105.757190720483 125.235487614613
116.45799027029 135.909728852392
115.550938073168 134.997538744478
112.914912929016 132.355014759203
105.915522852704 125.398680046648
105.029716641938 124.524492698028
119.393548454272 138.915364461606
116.764294361156 136.266069425295
115.886253832605 135.384116394461
114.12880800562 133.623006651404
113.279043254787 132.77345813723
108.839121415443 128.355594982726
117.442520047088 136.962845617987
115.720034582886 135.226024257798
114.813110046709 134.313706488939
113.086541259467 132.580968451789
112.1774671887 131.67080021752
109.535584507644 129.034133769149
106.947701555922 126.463396631474
106.033639378546 125.558216503814
125.792931646608 145.293253171329
124.914677440291 144.411513818261
124.006128643028 143.500820310487
122.276469603629 141.771172525495
121.365770178459 140.862629645629
120.51443706604 140.014649493042
117.865836265843 137.384701163811
125.267041216473 144.749510901763
124.419385956206 143.897852897024
123.540779963621 143.016465330224
122.631866654093 142.106136334716
117.34278407985 136.838120650104
124.695510285733 144.186446808784
118.569336931074 138.056208639583
115.92057312647 135.426423314759
124.907558127005 144.41584727354
123.123126656345 142.621042879779
122.274928847422 141.769927423696
121.395761347161 140.889101364572
120.486268197224 139.979352209473
118.754813349352 138.251500232953
117.843169859314 137.343901417955
116.990955381646 136.496802630617
123.918960500276 143.407657189038
120.432772967474 139.915982327406
115.13764710776 134.654009928265
123.391008641849 142.865978643064
122.543332095043 142.014341924865
120.81570937723 140.282657818287
119.055743968582 138.524067656893
118.17436158789 137.645456478199
117.262578466926 136.737997294127
116.410232757242 135.891029738805
115.557240786402 135.044708444639
113.758486662107 133.264226704513
126.380238584133 145.900620321384
125.505395792686 145.015469553444
124.600376020093 144.101247021002
122.90767787723 142.395318633853
121.970265609582 141.452808302085
121.122232017381 140.601528629281
119.393883051264 138.870570771006
118.483871590371 137.961339926863
117.633180285777 137.112717966452
116.751429775651 136.234474917191
125.655446148211 145.186941823525
124.780409110364 144.301985301986
120.396278551644 139.889011161237
119.547412213149 139.038564234726
116.906467330394 136.400959988054
116.024526625691 135.522907133371
122.64894446334 142.092955585954
120.954099476491 140.389174042791
118.316621638208 137.748102751647
116.524660523684 135.960828001748
115.67288427731 135.113290983117
114.790009160808 134.236172540233
123.903951260128 143.347558715498
123.058525582543 142.493671128078
122.182228613158 141.609974538077
120.428263277908 139.845384303285
119.580176260596 138.994158055591
114.296830414628 133.720405642704
125.109046276771 144.587095549548
123.390680770917 142.846154231011
121.640139846793 141.078139585093
120.763472424172 140.194813448328
118.160321428268 137.580095609184
117.220944455341 136.639549982696
116.371132248956 135.790048924075
115.520670811396 134.941197096629
114.639156241595 134.062718107044
113.727234747933 133.15539729567
112.874758225423 132.308560553174
111.991158020887 131.432167198325
123.540996980471 143.017364668287
120.915285214493 140.364527304838
120.038423782281 139.481395177663
119.131313252665 138.569263402244
118.283330664988 137.717932724915
117.434699533859 136.867250591038
113.91276718633 133.350640249753
112.147989038065 131.596862827976
122.091699658267 141.547922471391
121.245435236075 140.694873628577
117.763642294427 137.198804175792
115.973442822546 135.409767783251
114.240493114935 133.683410666471
113.328060910623 132.776600565746
112.475108323117 131.930239888247
109.821474842931 129.305324239005
121.0841293775 140.531903326085
119.302310204274 138.734486634889
114.970691186145 134.38892999358
109.677805600879 129.12471731999
108.792988176653 128.249541184831
107.0219985286 126.501975262842
121.411016506795 140.921695944517
120.505664384389 140.007805761886
116.177252680218 135.659041806619
115.237273247744 134.719098639677
111.741351158348 131.237158334639
109.089553646823 128.610406716737
120.911076295938 140.412666886702
119.129849828113 138.614657490106
118.283174390002 137.762019663211
117.405583678494 136.879616815334
116.497720104246 135.968238084545
114.799702314667 134.267629344112
110.362016220547 129.847530444383
108.624159862676 128.126079977863
120.335555271561 139.853609614342
117.708546957401 137.202068799074
116.861514080542 136.349788410927
115.983553305554 135.46775562653
115.075307441999 134.556759185049
113.37657640888 132.856863688156
112.435825143621 131.917692353999
111.584773009099 131.069431223515
110.733074113439 130.221816854169
118.764824857883 138.286532548653
117.888747677831 137.402616169319
116.135231367104 135.637576910004
115.257077579441 134.755737138281
113.499405327298 132.994853820383
112.649531268904 132.145414613771
111.708576031669 131.20644725159
110.85734012555 130.358369892703
109.122475700136 128.633927493726
107.355155323659 126.88269230016
119.729793169092 139.410217640681
118.824334327131 138.496434177606
116.19298475108 135.849234624229
115.344563561918 134.998342548386
114.49550096131 134.148091883988
113.555449401511 133.208220844371
110.971859287011 130.633190869474
110.059319965967 129.726487885481
109.206274834116 128.880219752327
108.322094466231 128.004406560826
107.407428870737 127.099829851284
118.646735643532 138.349736520466
116.925608796961 136.611556542646
116.019409358679 135.698513675893
115.172286464792 134.846323304773
114.294238850537 133.964377359642
110.746226957006 130.414597818711
109.895122776844 129.566388733866
109.04337798808 128.718820257625
108.160543592976 127.841661093343
106.393536583802 126.090112532475
125.556687038369 145.032212733501
122.926888971003 142.38346167144
115.090722009911 134.564590578659
124.950498787278 144.407539581013
123.198811882946 142.640670915304
121.414067342552 140.846179591276
120.565717400581 139.995216268241
119.71671865661 139.144901747206
117.075349166289 136.5077221081
116.193262511229 135.629815203774
115.280750429908 134.723084980059
121.623592023163 141.066750416716
120.776166322067 140.214862852806
118.139686289677 137.572793755769
115.496947087087 134.936983828931
114.614404525291 134.059532831341
113.701421775444 133.153273276152
112.847955400735 132.307426385856
120.899454476028 140.352398373575
120.051842240721 139.500697343877
119.113387700768 138.559229284413
118.264410376519 137.708893343656
117.414784663954 136.859205791216
116.534136371575 135.979860524209
115.623110880903 135.071643709845
120.217073250776 139.640969419661
118.487985738952 137.910750107093
123.090336576216 142.514713785141
122.184499465244 141.601308591077
121.337706282143 140.748788509173
119.551996425653 138.955262501241
116.062397486612 135.466999045849
115.210919525502 134.619163741953
114.328352064646 133.741737643423
113.415342399869 132.835505003164
117.975451548193 137.382660479111
117.126199510633 136.532599251665
112.749096251011 132.171846557468
120.791252692291 140.226196426247
119.037320269981 138.461573278516
117.250286503918 136.669371180157
116.400848528181 135.819495890888
115.550761289675 134.970269864389
112.022796458856 131.459692006394
116.644269871572 136.058522111719
121.247708205654 140.661403553383
120.371150109441 139.77796809021
118.616660020282 138.013902609327
115.128982851932 134.523717383243
120.518439772932 139.940834473177
119.672321083611 139.087639897492
117.888033510859 137.292691605822
116.19111529118 135.59098329549
115.251362283153 134.650813704101
114.401209490833 133.801653231414
119.79409195142 139.226714552825
118.070575879657 137.490923800197
117.163104109422 136.579153265396
114.525854325575 133.937853919816
113.675516109098 133.088878871287
121.32150738564 140.770033144824
120.475383899976 139.916843365481
117.842952712353 137.270725423677
116.054414209257 135.480028062351
115.204262044071 134.630866962531
112.559310766961 131.997269110214
111.706495959197 131.150770652972
116.50774040864 135.925244808603
114.750553104778 134.163876542423
112.109193390749 131.526687127024
111.257532636605 130.679034616162
110.374776411644 129.801797281738
120.401711585965 139.910286153363
119.556263205606 139.056421268716
117.773398166252 137.260050443648
116.925944066989 136.408191277906
116.047546627916 135.526595157593
114.289385023641 133.766201191826
109.911229602329 129.406500659319
108.997538349848 128.500949606764
108.143412481476 127.65576221013
107.258108200202 126.781072932019
118.043111461405 137.519479765336
114.532681363127 133.9913671748
112.773657904878 132.231835063007
110.9814487901 130.444808313364
110.12955626362 129.597387574838
109.277016786395 128.750613787057
107.479213088648 126.969181620382
117.312287264672 136.800462037669
113.833013840645 133.301873067263
112.953729798335 132.421163550187
112.044115202301 131.511535841184
109.400659101667 128.876442812391
108.548327829175 128.029460819877
107.695350297765 127.183125086281
106.811233453375 126.307248371285
105.041646367619 124.558279887
116.588534234519 136.085753904539
115.742047220532 135.23292765352
114.864652194254 134.350329120413
113.956991419409 133.438747590222
112.229020013645 131.707412171594
111.31920722965 130.797982650554
109.617548760408 129.101014589783
107.8226642691 127.31666321667
106.085198543685 125.594822117693
105.170397381793 124.69038097455
104.31523635889 123.846228732446
103.428861794682 122.972609737269
118.321463389483 137.79402795246
116.538342712168 135.997912765354
115.690765737388 135.146176475128
113.903408889104 133.35429745899
112.203581189024 131.655498629058
111.26222175582 130.716935462847
110.410619087017 129.869224866643
109.558369017 129.022161671654
108.675004253863 128.145532875406
109.106902130517 128.552934071495
105.574772597444 125.046520915754
104.660024870745 124.142026337417
